Executing C:\Users\User\Documents\Zemax\MACROS\RAYTRACE_ITERATE.ZPL.

Finds the result of a single ray trace on the imaging surface(number 131) on field number 1

Iterates over configurations 1 to 12,and wavelength numbers 1 to 9

(keep in mind that the configuration number corresponds to a diffraction order in the zemax file)
 configuration number	wavelength(micrometers)	       position x(mm)		   position y(mm)

   1.0000000000E+00	      7.3392277108E-01	   	     -4.5395060868E+01	      3.3101240505E+01
   1.0000000000E+00	      7.3525992669E-01	   	     -3.5730746868E+01	      3.2435472374E+01
   1.0000000000E+00	      7.3659708231E-01	   	     -2.5717623146E+01	      3.2013860036E+01
   1.0000000000E+00	      7.3793423792E-01	   	     -1.5279755336E+01	      3.1862247081E+01
   1.0000000000E+00	      7.3927139353E-01	   	     -4.3280476980E+00	      3.2016659555E+01
   1.0000000000E+00	      7.4060854914E-01	   	     7.2482161850E+00	      3.2527244022E+01
   1.0000000000E+00	      7.4194570475E-01	   	     1.9595429388E+01	      3.3465253359E+01
   1.0000000000E+00	      7.4328286036E-01	   	     3.2921746760E+01	      3.4936336083E+01
   1.0000000000E+00	      7.4462001597E-01	   	     4.7552615982E+01	      3.7108875086E+01
   2.0000000000E+00	      7.0854255814E-01	   	     -4.3628858872E+01	      2.4187994017E+01
   2.0000000000E+00	      7.0978805097E-01	   	     -3.4286064871E+01	      2.3593011045E+01
   2.0000000000E+00	      7.1103354381E-01	   	     -2.4606174114E+01	      2.3219266840E+01
   2.0000000000E+00	      7.1227903664E-01	   	     -1.4521207480E+01	      2.3091476383E+01
   2.0000000000E+00	      7.1352452948E-01	   	     -3.9511647383E+00	      2.3242936887E+01
   2.0000000000E+00	      7.1477002231E-01	   	     7.2030500405E+00	      2.3718774573E+01
   2.0000000000E+00	      7.1601551514E-01	   	     1.9071206703E+01	      2.4581475767E+01
   2.0000000000E+00	      7.1726100798E-01	   	     3.1834607339E+01	      2.5920939219E+01
   2.0000000000E+00	      7.1850650081E-01	   	     4.5768408904E+01	      2.7874631313E+01
   3.0000000000E+00	      6.8486235955E-01	   	     -4.1974595856E+01	      1.5989655082E+01
   3.0000000000E+00	      6.8602530173E-01	   	     -3.2925297603E+01	      1.5452306466E+01
   3.0000000000E+00	      6.8718824391E-01	   	     -2.3551359447E+01	      1.5117609167E+01
   3.0000000000E+00	      6.8835118609E-01	   	     -1.3791284315E+01	      1.5008952293E+01
   3.0000000000E+00	      6.8951412827E-01	   	     -3.5726261083E+00	      1.5157097528E+01
   3.0000000000E+00	      6.9067707045E-01	   	     7.1940225391E+00	      1.5602890305E+01
   3.0000000000E+00	      6.9184001262E-01	   	     1.8624732864E+01	      1.6401734844E+01
   3.0000000000E+00	      6.9300295480E-01	   	     3.0879294049E+01	      1.7631434284E+01
   3.0000000000E+00	      6.9416589698E-01	   	     4.4194520999E+01	      1.9407159590E+01
   4.0000000000E+00	      6.6270195652E-01	   	     -4.0532828663E+01	      8.4230372373E+00
   4.0000000000E+00	      6.6379029123E-01	   	     -3.1757923571E+01	      7.9317940189E+00
   4.0000000000E+00	      6.6487862595E-01	   	     -2.2671633961E+01	      7.6273723670E+00
   4.0000000000E+00	      6.6596696066E-01	   	     -1.3217996271E+01	      7.5317203499E+00
   4.0000000000E+00	      6.6705529537E-01	   	     -3.3311317039E+00	      7.6731796354E+00
   4.0000000000E+00	      6.6814363008E-01	   	     7.0698958676E+00	      8.0887583935E+00
   4.0000000000E+00	      6.6923196479E-01	   	     1.8089263978E+01	      8.8277847947E+00
   4.0000000000E+00	      6.7032029950E-01	   	     2.9868461305E+01	      9.9581096359E+00
   4.0000000000E+00	      6.7140863422E-01	   	     4.2612877566E+01	      1.1577466785E+01
   5.0000000000E+00	      6.4193263158E-01	   	     -3.9172594102E+01	      1.4064160692E+00
   5.0000000000E+00	      6.4295331468E-01	   	     -3.0652604425E+01	      9.5487993763E-01
   5.0000000000E+00	      6.4397399778E-01	   	     -2.1834148924E+01	      6.7657001480E-01
   5.0000000000E+00	      6.4499468089E-01	   	     -1.2665988879E+01	      5.9204026482E-01
   5.0000000000E+00	      6.4601536399E-01	   	     -3.0878935885E+00	      7.2744328126E-01
   5.0000000000E+00	      6.4703604709E-01	   	     6.9738006106E+00	      1.1164518496E+00
   5.0000000000E+00	      6.4805673019E-01	   	     1.7613169250E+01	      1.8032786484E+00
   5.0000000000E+00	      6.4907741330E-01	   	     2.8956468350E+01	      2.8476661185E+00
   5.0000000000E+00	      6.5009809640E-01	   	     4.1183764978E+01	      4.3337087602E+00
   6.0000000000E+00	      6.2243387755E-01	   	     -3.7827844111E+01	      -5.1235527475E+00
   6.0000000000E+00	      6.2339302634E-01	   	     -2.9544166282E+01	      -5.5391631226E+00
   6.0000000000E+00	      6.2435217514E-01	   	     -2.0974144155E+01	      -5.7933100953E+00
   6.0000000000E+00	      6.2531132393E-01	   	     -1.2070584569E+01	      -5.8667286604E+00
   6.0000000000E+00	      6.2627047272E-01	   	     -2.7781016292E+00	      -5.7352058569E+00
   6.0000000000E+00	      6.2722962151E-01	   	     6.9707609879E+00	      -5.3679405008E+00
   6.0000000000E+00	      6.2818877030E-01	   	     1.7261555435E+01	      -4.7250154858E+00
   6.0000000000E+00	      6.2914791910E-01	   	     2.8207923473E+01	      -3.7533178069E+00
   6.0000000000E+00	      6.3010706789E-01	   	     3.9969539756E+01	      -2.3795402347E+00
   7.0000000000E+00	      6.0407069307E-01	   	     -3.6686298347E+01	      -1.1205530385E+01
   7.0000000000E+00	      6.0497370895E-01	   	     -2.8628786864E+01	      -1.1591592113E+01
   7.0000000000E+00	      6.0587672483E-01	   	     -2.0297233079E+01	      -1.1826888357E+01
   7.0000000000E+00	      6.0677974071E-01	   	     -1.1648093875E+01	      -1.1893430244E+01
   7.0000000000E+00	      6.0768275659E-01	   	     -2.6303937034E+00	      -1.1768850826E+01
   7.0000000000E+00	      6.0858577247E-01	   	     6.8176610011E+00	      -1.1425007048E+01
   7.0000000000E+00	      6.0948878835E-01	   	     1.6773882982E+01	      -1.0825864294E+01
   7.0000000000E+00	      6.1039180423E-01	   	     2.7340594146E+01	      -9.9241560770E+00
   7.0000000000E+00	      6.1129482012E-01	   	     3.8659537836E+01	      -8.6558134938E+00
   8.0000000000E+00	      5.8677134615E-01	   	     -3.5506039493E+01	      -1.6896489740E+01
   8.0000000000E+00	      5.8762301636E-01	   	     -2.7658645019E+01	      -1.7254255176E+01
   8.0000000000E+00	      5.8847468658E-01	   	     -1.9548410203E+01	      -1.7470651855E+01
   8.0000000000E+00	      5.8932635679E-01	   	     -1.1134946768E+01	      -1.7528830667E+01
   8.0000000000E+00	      5.9017802700E-01	   	     -2.3710771471E+00	      -1.7408038444E+01
   8.0000000000E+00	      5.9102969721E-01	   	     6.8001539712E+00	      -1.7082415206E+01
   8.0000000000E+00	      5.9188136742E-01	   	     1.6450025526E+01	      -1.6519203581E+01
   8.0000000000E+00	      5.9273303763E-01	   	     2.6671459796E+01	      -1.5675976410E+01
   8.0000000000E+00	      5.9358470784E-01	   	     3.7591642828E+01	      -1.4496126902E+01
   9.0000000000E+00	      5.7042551402E-01	   	     -3.4479616871E+01	      -2.2222293042E+01
   9.0000000000E+00	      5.7123009652E-01	   	     -2.6834002803E+01	      -2.2555977380E+01
   9.0000000000E+00	      5.7203467901E-01	   	     -1.8936645328E+01	      -2.2756973731E+01
   9.0000000000E+00	      5.7283926151E-01	   	     -1.0750034013E+01	      -2.2809531936E+01
   9.0000000000E+00	      5.7364384400E-01	   	     -2.2304713268E+00	      -2.2694419100E+01
   9.0000000000E+00	      5.7444842650E-01	   	     6.6745658223E+00	      -2.2387886220E+01
   9.0000000000E+00	      5.7525300900E-01	   	     1.6030400264E+01	      -2.1860153648E+01
   9.0000000000E+00	      5.7605759149E-01	   	     2.5921469828E+01	      -2.1073109850E+01
   9.0000000000E+00	      5.7686217399E-01	   	     3.6462026245E+01	      -1.9976655902E+01
   1.0000000000E+01	      5.5497272727E-01	   	     -3.3437246781E+01	      -2.7224077248E+01
   1.0000000000E+01	      5.5573402190E-01	   	     -2.5981061090E+01	      -2.7534647056E+01
   1.0000000000E+01	      5.5649531653E-01	   	     -1.8283342029E+01	      -2.7720315511E+01
   1.0000000000E+01	      5.5725661116E-01	   	     -1.0309114946E+01	      -2.7766323523E+01
   1.0000000000E+01	      5.5801790579E-01	   	     -2.0177368929E+00	      -2.7654789131E+01
   1.0000000000E+01	      5.5877920041E-01	   	     6.6394517745E+00	      -2.7363814300E+01
   1.0000000000E+01	      5.5954049504E-01	   	     1.5722633850E+01	      -2.6866194694E+01
   1.0000000000E+01	      5.6030178967E-01	   	     2.5309022981E+01	      -2.6127493295E+01
   1.0000000000E+01	      5.6106308430E-01	   	     3.5502052741E+01	      -2.5103046841E+01
   1.1000000000E+01	      5.4033106195E-01	   	     -3.2484690195E+01	      -3.1924264789E+01
   1.1000000000E+01	      5.4105247044E-01	   	     -2.5210006448E+01	      -3.2214198876E+01
   1.1000000000E+01	      5.4177387893E-01	   	     -1.7703645545E+01	      -3.2386443353E+01
   1.1000000000E+01	      5.4249528741E-01	   	     -9.9329441490E+00	      -3.2427172720E+01
   1.1000000000E+01	      5.4321669590E-01	   	     -1.8600453065E+00	      -3.2319758509E+01
   1.1000000000E+01	      5.4393810439E-01	   	     6.5601960494E+00	      -3.2043997212E+01
   1.1000000000E+01	      5.4465951288E-01	   	     1.5383314152E+01	      -3.1575010705E+01
   1.1000000000E+01	      5.4538092137E-01	   	     2.4680050042E+01	      -3.0881632225E+01
   1.1000000000E+01	      5.4610232986E-01	   	     3.4544275128E+01	      -2.9923951158E+01
   1.2000000000E+01	      5.2643603448E-01	   	     -3.1637321073E+01	      -3.6347033315E+01
   1.2000000000E+01	      5.2712061125E-01	   	     -2.4537591867E+01	      -3.6618779933E+01
   1.2000000000E+01	      5.2780518802E-01	   	     -1.7215770247E+01	      -3.6779586832E+01
   1.2000000000E+01	      5.2848976479E-01	   	     -9.6413206754E+00	      -3.6816513196E+01
   1.2000000000E+01	      5.2917434156E-01	   	     -1.7789529749E+00	      -3.6714102478E+01
   1.2000000000E+01	      5.2985891833E-01	   	     6.4132469695E+00	      -3.6453715994E+01
   1.2000000000E+01	      5.3054349510E-01	   	     1.4986562011E+01	      -3.6012596996E+01
   1.2000000000E+01	      5.3122807186E-01	   	     2.4005862882E+01	      -3.5362519838E+01
   1.2000000000E+01	      5.3191264863E-01	   	     3.3556453481E+01	      -3.4467777971E+01
