-5.364970531776153706e+01 -8.160019947581882604e+01 -1.215004461578461843e+02 -2.879995491985102163e+01 -6.330069058183639896e+01 8.700146766126529485e+01 -3.770061031224998516e+01 5.280048884314519597e+01 1.402993921970715121e+02
-8.580009308856689643e+01 -6.209903369558528397e+01 -2.250017864675487367e+00 -1.394970671796998296e+01 6.569941139549912634e+01 -6.449978215165053541e+01 -7.299972059329572005e+01 -5.394944207954873150e+01 5.820003620470257033e+01
-6.849929079605720972e+01 1.870032761138789112e+01 -1.369993241491085278e+01 -7.190083544936766202e+01 1.353000143166416649e+02 2.165011261896542649e+01 -7.360037792064666462e+01 2.714997479240074085e+01 -1.500015428705209786e+01
-1.725007697552735308e+01 2.949960124048599308e+00 6.145052776462094357e+01 -5.630013658263241183e+01 -4.819956577339286241e+01 2.259991344961017035e+01 7.399969451630822448e+01 1.320016476408344452e+01 -1.699998558313439601e+00
-6.900004867375593598e+00 9.500038428824533199e+00 -4.800015490164135201e+00 1.056996792744079556e+02 1.017985348005733499e+02 -6.769934543377407010e+01 -5.174949537157874602e+01 1.513977631640331936e+02 3.740067140520626054e+01
-8.999907202332035894e-01 2.240029973578198508e+01 -1.429987473217222238e+01 6.900033640714663186e+00 -2.070029599552669808e+01 2.700051441976886846e+00 2.820053956052191779e+01 1.242017859161565667e+02 -1.950009989172576397e+01
-3.749984742131578486e+01 -5.599989649986471640e+00 2.259990964814452852e+01 1.697016166606607896e+02 3.199994485638767117e+01 1.054003221891165367e+02 1.257003846985220434e+02 1.139998726242696137e+01 -5.915061914792619291e+01
-1.315002647593198049e+01 5.780020205424029456e+01 1.480001412539749026e+02 -1.199993160754626365e+00 7.130020070651013953e+01 1.630011587860221667e+01 -3.650026953296955412e+01 -4.640016695221612508e+01 8.299961154579550637e+00
-4.410040032825020972e+01 7.099939304035542875e+01 6.690050391179823919e+01 2.615001814502332778e+01 1.068989416186430503e+02 1.929988316038208396e+01 1.669990731840093190e+01 3.079971415970866744e+01 5.099914926849625552e+00
-8.409933009006284976e+01 1.390015039083567849e+01 -9.099906975930467823e+00 2.980003529997445710e+01 -5.755051622407876266e+01 1.684522044657843196e+02 9.810131865381858063e+01 2.910029367560161617e+01 8.700026450230002695e+01
1.440005703633554113e+01 1.088985357564874192e+02 -1.790001769385624897e+01 4.290051922628544645e+01 1.283502136326527818e+02 -2.480014164794971521e+01 -1.800010922988126927e+00 -2.070006038621860611e+01 5.299981156317875808e+00
1.090504398060321165e+02 1.611006145410831039e+02 2.236000987623157528e+02 3.209979112950815505e+01 1.470001147798600982e+01 3.890017969281867494e+01 1.217006227333528017e+02 -6.610014431471154239e+01 7.449971627464452695e+01
