3.419981374067392466e+01 1.560003894628702170e+01 7.600028100397096864e+00 2.999995334151055015e+00 8.000135935265548781e-01 1.999985016570948737e-01 0.000000000000000000e+00 -6.000055538357188523e-01 -5.399976697652800972e+00
2.450002625137769030e+01 8.649869153713661163e+00 3.150025511504102926e+00 8.999814591888292137e-01 5.999946258164088331e-01 2.999989870518609547e-01 8.999965265222860111e-01 5.499978162669592052e-01 -6.000003720443548572e-01
1.449984702547876303e+01 3.899981307540409059e+00 7.999960555968037568e-01 1.000011683220322495e-01 3.499966352630476951e-01 0.000000000000000000e+00 2.000032964688814585e-01 8.999991293039606433e-01 6.000061726821086516e-01
9.300044726360367164e+00 3.100033626259195874e+00 1.000008538488487142e+00 5.000012138512869297e-01 3.000038667683483928e-01 4.499927389814193934e-01 5.999975421542681486e-01 6.000074904765501094e-01 6.000010513743333496e-01
8.000003745066697647e+00 3.000013501186213460e+00 1.650000038009697079e+00 1.050013749246734074e+00 4.999906693998242280e-01 4.999951665438621684e-01 5.499914520605641011e-01 5.499886802056088708e-01 8.500185179541852598e-01
7.599921830109070520e+00 3.100036844479850728e+00 1.199989148123224547e+00 1.000004878853100410e+00 1.000014300987754012e+00 2.999995262947930952e-01 1.100000386664262919e+00 8.000115056666506907e-01 1.100005638999135060e+00
5.549972553393970998e+00 3.199994119894547406e+00 1.199995313178804812e+00 1.000009529925754981e+00 1.199998087234842137e+00 3.000009059505870934e-01 9.000027571046008701e-01 5.999993308014164306e-01 1.599984495272993357e+00
3.850009848540298041e+00 1.400004994251666135e+00 1.350002244809484608e+00 5.999965815772995148e-01 3.000008611241924972e-01 4.499954240434124730e-01 1.199985501923699127e+00 9.000031650603116384e-01 3.000044539713012104e-01
2.400021805771789030e+00 0.000000000000000000e+00 5.000075303997868481e-01 5.000004018623162017e-01 1.199988123998834810e+00 3.999976577512158737e-01 8.999950078817006149e-01 9.999870553673601004e-01 3.999971233174423602e-01
6.999962360759673929e-01 1.400017166025785187e+00 5.999937470488537761e-01 -6.999990396079511790e-01 9.000081168184103086e-01 7.500088938335732758e-01 3.999943337577764879e-01 5.500027886067737626e-01 9.000027389307062586e-01
1.300008709584010047e+00 9.000039195533462433e-01 2.000001978486232457e-01 2.999982777145366875e-01 4.999740185486759025e-02 -3.000017131837118267e-01 5.000012437938402554e-01 6.500045886371834669e-01 1.599994319904873619e+00
-9.150037416668835633e+00 -2.800010654856453396e+00 -7.000003075116986162e-01 4.999967474461302075e-01 3.000002339445947408e-01 9.000040788653675961e-01 1.600011731992029729e+00 1.800004029274528072e+00 0.000000000000000000e+00
